[184.70223525  81.13940618 579.02747104]
[[ 0.99809348  0.0484343   0.0382561 ]
 [-0.04689329  0.99809063 -0.04020104]
 [-0.04013016  0.03833044  0.99845899]]

[ 83.40599947  52.86058689 474.89444746]
[[ 0.99580821  0.04559833  0.07928936]
 [-0.03973547  0.99646552 -0.07401056]
 [-0.08238387  0.07054972  0.99410041]]

[-213.49777951 -140.29254882  519.85955822]
[[ 0.99453665  0.05984631 -0.08552934]
 [-0.06347911  0.99716497 -0.04040327]
 [ 0.08286888  0.04561186  0.9955161 ]]

[-150.67751344  -54.10332424  537.30398428]
[[ 0.99973417  0.00880288 -0.02130961]
 [-0.00869416  0.99994874  0.00518919]
 [ 0.0213542  -0.00500254  0.99975946]]

[-24.96978091 -74.02060795 561.97548027]
[[ 0.94974494  0.09721112  0.29754756]
 [-0.06799296  0.9919268  -0.1070429 ]
 [-0.30555116  0.08143231  0.94868713]]

[-147.81042472 -166.37149548  446.58384142]
[[ 0.9976113   0.04735569  0.05029057]
 [-0.01938403  0.8906924  -0.45419303]
 [-0.06630205  0.45213326  0.88948274]]

[-206.54232976  -29.6777993   536.76163121]
[[ 0.99908802  0.00388413 -0.04252114]
 [ 0.00563318  0.97515876  0.22143545]
 [ 0.04232494 -0.22147304  0.97424755]]

[-139.02559234  -88.09025206  297.75871446]
[[ 0.99769348 -0.02741771 -0.06209661]
 [-0.00321574  0.89467936 -0.44669732]
 [ 0.06780397  0.44586669  0.8925276 ]]

[  63.15371118 -121.36687934  351.4246723 ]
[[ 0.03494548 -0.99782451 -0.05590216]
 [ 0.89086901  0.05645193 -0.45073893]
 [ 0.45291413 -0.03405022  0.89090368]]

[-80.20043311 101.06411279 507.16521543]
[[-0.05295374  0.98595923 -0.15836759]
 [-0.68897769 -0.15087004 -0.70890618]
 [-0.72284552  0.0715725   0.68729305]]

[-200.16583649  260.42375626  650.92838121]
[[-0.12481415  0.99195419  0.02117362]
 [-0.80518259 -0.08879767 -0.58634118]
 [-0.57974342 -0.0902323   0.80978744]]

[-248.61585765  159.32532554  615.20070857]
[[ 0.0861614   0.99147214  0.09777119]
 [-0.89094989  0.12059768 -0.43779504]
 [-0.44585257 -0.0493882   0.89374286]]

[217.1665313   80.70831384 645.8860331 ]
[[ 0.99296716  0.02556791  0.11559626]
 [-0.02928076  0.9991047   0.03053575]
 [-0.11471204 -0.03370575  0.99282681]]

[-259.80367863  123.24839577  495.74419622]
[[ 0.5809014   0.77841271 -0.23796474]
 [-0.80764565  0.51481989 -0.28752216]
 [-0.10130192  0.35921321  0.92774123]]

[-103.17509324  -98.06838738  523.27708221]
[[ 0.94170266  0.30765437  0.13617963]
 [-0.25466979  0.91631617 -0.30904365]
 [-0.21986223  0.25634639  0.94124765]]

[  59.74035416 -154.61377917  581.88720904]
[[ 0.94833654 -0.02818496  0.31601172]
 [ 0.02177726  0.99947974  0.02379064]
 [-0.31651786 -0.01567966  0.94845695]]

[195.42005221 -46.80317568 670.43508636]
[[ 0.86351838 -0.13828454  0.48498804]
 [ 0.02114839  0.97075556  0.23913675]
 [-0.50387376 -0.19624226  0.84118976]]

[-238.32797143   96.46346433  452.43374715]
[[-0.06333368  0.99150693 -0.1135907 ]
 [-0.96373721 -0.03119782  0.26502317]
 [ 0.25922853  0.12625648  0.957528  ]]

[169.15433004  76.00459799 504.17268115]
[[ 0.09944176  0.9290821   0.35625523]
 [-0.99311975  0.11492205 -0.02249635]
 [-0.06184254 -0.35156703  0.93411783]]

[ 87.7866868  -65.19646512 421.82999352]
[[-0.01746507 -0.99799165 -0.06089031]
 [ 0.9665489  -0.00126628 -0.25647926]
 [ 0.25588706 -0.0633329   0.96462986]]

[-376.81929077 -126.9510412   482.64683148]
[[ 0.99068743 -0.13256772 -0.03105184]
 [ 0.13025963  0.98919535 -0.06726806]
 [ 0.03963391  0.06259682  0.99725162]]

[-147.48242165  120.91855627  526.66362922]
[[ 0.01185825  0.9994419  -0.03122944]
 [-0.72752273 -0.01280227 -0.68596413]
 [-0.68598109  0.03085446  0.72696488]]

[-12.38460709 145.81988257 490.88330683]
[[ 0.01270034  0.99892924 -0.04448675]
 [-0.72330463 -0.02154129 -0.69019301]
 [-0.69041228  0.04094315  0.72225656]]

[162.85638684  64.48558416 579.26139331]
[[ 0.98629046  0.14944256  0.06998605]
 [-0.13533673  0.97520238 -0.17511224]
 [-0.09441978  0.16323985  0.98205787]]

[-156.77084742   75.03777666  241.3873668 ]
[[ 0.03992657  0.9955106   0.08581671]
 [-0.75505461 -0.02619268  0.65513852]
 [ 0.65444511 -0.09095374  0.75061909]]

[ -1.6953883   96.12668938 318.126253  ]
[[ 0.02014905  0.99894877  0.04117484]
 [-0.48669349 -0.02617418  0.8731806 ]
 [ 0.8733404  -0.03763329  0.48565448]]

[-226.59969518  -36.70961259  387.72640923]
[[ 0.17259701  0.94586581 -0.27486023]
 [-0.80202518  0.29694712  0.51824513]
 [ 0.5718093   0.13099727  0.80986038]]

[ 17.91910379 153.29567031 503.22285775]
[[-0.33597686  0.94154846 -0.02461788]
 [-0.922584   -0.334247   -0.19265957]
 [-0.18962678 -0.0420171   0.9809568 ]]

[-110.45988121   82.2316077   541.86516162]
[[-1.93813695e-04  9.99973581e-01 -7.26634575e-03]
 [-6.18924340e-01 -5.82730860e-03 -7.85428994e-01]
 [-7.85450587e-01  4.34509135e-03  6.18909118e-01]]

[-113.96785852  -48.88837472  349.0451523 ]
[[ 0.54766487  0.83584818 -0.03769632]
 [-0.57001724  0.40570961  0.71447887]
 [ 0.61248962 -0.36980743  0.69864077]]

[-89.02126891 135.17902117 469.96684142]
[[-0.24878059  0.92077574  0.30046674]
 [-0.96593742 -0.25867951 -0.0070579 ]
 [ 0.07122584 -0.29198793  0.95376618]]

[222.27072666  89.89030091 608.06558074]
[[-0.08885135  0.8485725   0.5215651 ]
 [-0.99592836 -0.06767757 -0.05955201]
 [-0.01523594 -0.52473276  0.85113066]]

[ -60.49431461 -108.77278443  422.81407327]
[[ 0.97921223  0.13715728  0.14943657]
 [-0.00991764  0.76822071 -0.64010826]
 [-0.20259577  0.62531978  0.75361139]]

[-154.44726963 -150.24924163  571.67692822]
[[ 0.99732906  0.05916751  0.04282457]
 [-0.04192966  0.94388365 -0.32760579]
 [-0.05980503  0.32493516  0.94384347]]

[ 60.97678937  37.15274479 491.26573514]
[[ 0.99636589  0.00113974  0.08516872]
 [-0.00658924  0.99794536  0.06373104]
 [-0.08492109 -0.06406064  0.99432623]]

[-310.61490819   17.29871767  453.06769831]
[[ 9.99548138e-01  2.56456460e-02  1.56786551e-02]
 [-2.56442086e-02  9.99671090e-01 -2.92751260e-04]
 [-1.56810060e-02 -1.09447724e-04  9.99877039e-01]]

[-265.1715427    11.39530697  421.61750834]
[[ 0.98394154  0.15824407 -0.08257039]
 [-0.15821554  0.98738028  0.00693018]
 [ 0.08262504  0.00624503  0.99656114]]

[-258.09581008   13.24237549  443.86385502]
[[ 0.98268696  0.17350879  0.0649696 ]
 [-0.17323085  0.98483118 -0.00993031]
 [-0.06570709 -0.00149635  0.99783783]]

[-351.21707742 -128.23220189  439.69098343]
[[ 0.9990863   0.00220661 -0.0426814 ]
 [-0.00278737  0.99990428 -0.01355203]
 [ 0.04264741  0.01365861  0.99899682]]

[-447.10685475 -181.77171722  559.52521845]
[[ 0.98287736 -0.1334631  -0.12704209]
 [ 0.14580309  0.98490008  0.09334498]
 [ 0.11266566 -0.11026979  0.98749533]]

