Image 1:
[[-0.987653  0.106585 -0.11481   2.974694]
 [-0.070142 -0.956172 -0.284279  0.973786]
 [-0.140078 -0.272716  0.951843 19.912796]
 [ 0.        0.        0.        1.      ]]

Image 2:
[[-9.862342e-01 -4.505595e-03 -1.652930e-01  1.250280e+00]
 [ 2.606200e-02 -9.913698e-01 -1.284781e-01  1.194717e+00]
 [-1.632877e-01 -1.310173e-01  9.778403e-01  1.859520e+01]
 [ 0.000000e+00  0.000000e+00  0.000000e+00  1.000000e+00]]

Image 3:
[[-9.989475e-01  3.029238e-03  4.576911e-02  9.442582e+00]
 [-8.533467e-03 -9.926706e-01 -1.205496e-01 -1.111660e-01]
 [ 4.506848e-02 -1.208133e-01  9.916516e-01  1.492402e+01]
 [ 0.000000e+00  0.000000e+00  0.000000e+00  1.000000e+00]]

Image 4:
[[-0.986827 -0.025308 -0.159787  4.453388]
 [ 0.071671 -0.953866 -0.291554  1.026365]
 [-0.145037 -0.299166  0.943114 16.920959]
 [ 0.        0.        0.        1.      ]]

Image 5:
[[-9.966547e-01  8.056926e-02  1.371451e-02  5.669208e+00]
 [-8.107773e-02 -9.535740e-01 -2.900398e-01 -1.530775e+00]
 [-1.029049e-02 -2.901815e-01  9.569163e-01  1.735725e+01]
 [ 0.000000e+00  0.000000e+00  0.000000e+00  1.000000e+00]]

Image 6:
[[-0.977969  0.171968 -0.118338  4.930428]
 [-0.136214 -0.955271 -0.262496  2.437353]
 [-0.158186 -0.240593  0.957649 18.283108]
 [ 0.        0.        0.        1.      ]]

Image 7:
[[-0.99326   0.08907   0.074164  7.262193]
 [-0.085763 -0.995223  0.046647  6.778708]
 [ 0.077965  0.039972  0.996154 14.406269]
 [ 0.        0.        0.        1.      ]]

Image 8:
[[-9.974400e-01  6.818699e-02  2.154029e-02  7.107146e+00]
 [-7.137702e-02 -9.676143e-01 -2.421319e-01  2.783708e+00]
 [ 4.332441e-03 -2.430496e-01  9.700042e-01  1.581981e+01]
 [ 0.000000e+00  0.000000e+00  0.000000e+00  1.000000e+00]]

Image 9:
[[-9.987762e-01 -4.944068e-02 -1.334527e-03  6.955791e+00]
 [ 4.770103e-02 -9.558016e-01 -2.901171e-01 -5.974301e-01]
 [ 1.306805e-02 -2.898257e-01  9.569902e-01  1.739804e+01]
 [ 0.000000e+00  0.000000e+00  0.000000e+00  1.000000e+00]]

Image 10:
[[-0.983011  0.106905  0.149201 10.427544]
 [-0.122567 -0.987405 -0.10004   5.238538]
 [ 0.136627 -0.116627  0.983733 15.261174]
 [ 0.        0.        0.        1.      ]]

Image 11:
[[-0.982415  0.087433 -0.164973  2.382324]
 [-0.097825 -0.99363   0.055938  5.354232]
 [-0.159032  0.071093  0.98471  18.562392]
 [ 0.        0.        0.        1.      ]]

Image 12:
[[-0.974558  0.099383 -0.200899  2.999467]
 [-0.078673 -0.990969 -0.108584  3.684522]
 [-0.209876 -0.090016  0.973575 17.303864]
 [ 0.        0.        0.        1.      ]]

Image 13:
[[-9.976972e-01 -6.605843e-02  1.537871e-02  9.798378e+00]
 [ 6.084078e-02 -9.718662e-01 -2.275400e-01 -8.956668e-01]
 [ 2.997698e-02 -2.260804e-01  9.736473e-01  1.643249e+01]
 [ 0.000000e+00  0.000000e+00  0.000000e+00  1.000000e+00]]

Image 14:
[[-0.997093 -0.04449  -0.06185   6.244208]
 [ 0.063177 -0.936539 -0.344823 -1.646199]
 [-0.042584 -0.347728  0.936628 18.458424]
 [ 0.        0.        0.        1.      ]]

Image 15:
[[-0.991239 -0.115833 -0.063461  7.41832 ]
 [ 0.124881 -0.978393 -0.164778  1.923126]
 [-0.043003 -0.171259  0.984287 18.543497]
 [ 0.        0.        0.        1.      ]]

Image 16:
[[-0.988423 -0.141191 -0.055536  6.378775]
 [ 0.149221 -0.970841 -0.187619  2.291079]
 [-0.027427 -0.193734  0.980671 19.849388]
 [ 0.        0.        0.        1.      ]]

Image 17:
[[-0.993272  0.042812  0.107601 10.548784]
 [-0.06832  -0.966866 -0.245974 -0.541305]
 [ 0.093505 -0.251671  0.963285 15.308904]
 [ 0.        0.        0.        1.      ]]

Image 18:
[[-0.972496  0.172119 -0.156927  2.992564]
 [-0.121275 -0.94939  -0.289742  1.820738]
 [-0.198855 -0.262742  0.944152 20.366505]
 [ 0.        0.        0.        1.      ]]

Image 19:
[[-0.989354  0.107765 -0.097804  4.381463]
 [-0.073611 -0.950312 -0.302471 -2.244325]
 [-0.12554  -0.292052  0.948127 19.047664]
 [ 0.        0.        0.        1.      ]]

Image 20:
[[-9.976850e-01 -6.636186e-02  1.485553e-02  9.781087e+00]
 [ 6.128889e-02 -9.721015e-01 -2.264117e-01 -9.243646e-01]
 [ 2.946619e-02 -2.249771e-01  9.739184e-01  1.643406e+01]
 [ 0.000000e+00  0.000000e+00  0.000000e+00  1.000000e+00]]

Image 21:
[[-0.981947  0.180328 -0.057111  5.102889]
 [-0.166004 -0.966282 -0.196827  2.914329]
 [-0.090679 -0.183793  0.978773 15.555324]
 [ 0.        0.        0.        1.      ]]

Image 22:
[[-9.931278e-01  1.143804e-01  2.478368e-02  6.211120e+00]
 [-1.166111e-01 -9.850918e-01 -1.264754e-01  4.260454e+00]
 [ 9.947891e-03 -1.284963e-01  9.916601e-01  1.440610e+01]
 [ 0.000000e+00  0.000000e+00  0.000000e+00  1.000000e+00]]

Image 23:
[[-0.988995  0.031604  0.144533  9.495978]
 [-0.059002 -0.980123 -0.189416  3.483021]
 [ 0.135674 -0.195859  0.971201 14.916777]
 [ 0.        0.        0.        1.      ]]

Image 24:
[[-9.976897e-01 -6.609020e-02  1.572621e-02  9.798977e+00]
 [ 6.079382e-02 -9.718743e-01 -2.275180e-01 -8.958847e-01]
 [ 3.032061e-02 -2.260364e-01  9.736469e-01  1.643252e+01]
 [ 0.000000e+00  0.000000e+00  0.000000e+00  1.000000e+00]]

Image 25:
[[-0.987195  0.140239 -0.076019  5.446113]
 [-0.126838 -0.979087 -0.159065  4.056419]
 [-0.096737 -0.147386  0.984337 18.487664]
 [ 0.        0.        0.        1.      ]]

Image 26:
[[-0.989562 -0.117705  0.08314   9.06393 ]
 [ 0.100274 -0.976773 -0.189366  2.234715]
 [ 0.103499 -0.179053  0.97838  15.865295]
 [ 0.        0.        0.        1.      ]]

Image 27:
[[-9.886474e-01  1.475033e-01  2.861968e-02  5.309284e+00]
 [-1.496848e-01 -9.834355e-01 -1.022206e-01  5.044453e+00]
 [ 1.306774e-02 -1.053440e-01  9.943500e-01  1.671119e+01]
 [ 0.000000e+00  0.000000e+00  0.000000e+00  1.000000e+00]]

Image 28:
[[-0.979682 -0.168804  0.108297  6.878189]
 [ 0.144726 -0.968854 -0.200938 -1.551002]
 [ 0.138843 -0.181182  0.973599 16.791924]
 [ 0.        0.        0.        1.      ]]

Image 29:
[[-9.891274e-01  9.876449e-03 -1.467289e-01  3.135736e+00]
 [ 3.835351e-02 -9.458886e-01 -3.222169e-01 -1.119624e+00]
 [-1.419716e-01 -3.243411e-01  9.352256e-01  1.905900e+01]
 [ 0.000000e+00  0.000000e+00  0.000000e+00  1.000000e+00]]

Image 30:
[[-0.986384  0.156699 -0.049926  5.059782]
 [-0.148353 -0.978813 -0.141128  1.687742]
 [-0.070982 -0.1318    0.988732 18.459447]
 [ 0.        0.        0.        1.      ]]

Image 31:
[[-0.995766 -0.050885  0.076558  8.167074]
 [ 0.026901 -0.957664 -0.286628  1.206364]
 [ 0.087902 -0.283355  0.954978 15.152706]
 [ 0.        0.        0.        1.      ]]

Image 32:
[[-0.983282  0.107075 -0.147281  2.371105]
 [-0.048414 -0.933456 -0.35541  -3.377324]
 [-0.175536 -0.342337  0.923034 15.651922]
 [ 0.        0.        0.        1.      ]]

Image 33:
[[-9.961909e-01  8.715637e-02 -2.712992e-03  7.285733e+00]
 [-8.604464e-02 -9.875768e-01 -1.314852e-01  8.057891e-01]
 [-1.413906e-02 -1.307509e-01  9.913144e-01  1.786079e+01]
 [ 0.000000e+00  0.000000e+00  0.000000e+00  1.000000e+00]]

