Image 1:
[[ 0.184067 -0.963364  0.19506   0.121717]
 [ 0.982633  0.175611 -0.059945 -0.121061]
 [ 0.023494  0.202706  0.978958  0.428195]
 [ 0.        0.        0.        1.      ]]

Image 2:
[[ 0.147653 -0.984335 -0.096351  0.0479  ]
 [ 0.967953  0.163826 -0.190334 -0.156283]
 [ 0.203137 -0.06516   0.97698   0.412884]
 [ 0.        0.        0.        1.      ]]

Image 3:
[[ 0.621518 -0.731809 -0.279591 -0.196332]
 [ 0.690543  0.68031  -0.24562  -0.232577]
 [ 0.369955 -0.040413  0.92817   0.520918]
 [ 0.        0.        0.        1.      ]]

Image 4:
[[ 1.495542e-01 -8.028270e-01  5.771503e-01  1.219627e-01]
 [ 9.814870e-01  4.990162e-02 -1.849139e-01 -5.028625e-04]
 [ 1.196531e-01  5.941201e-01  7.954272e-01  4.828228e-01]
 [ 0.000000e+00  0.000000e+00  0.000000e+00  1.000000e+00]]

Image 5:
[[ 0.941535 -0.332776 -0.052655 -0.293151]
 [ 0.315506  0.925692 -0.208689 -0.302517]
 [ 0.118189  0.179875  0.976564  0.691341]
 [ 0.        0.        0.        1.      ]]

Image 6:
[[-0.007267 -0.987853 -0.155222 -0.132943]
 [ 0.979205  0.024442 -0.201396 -0.265261]
 [ 0.202744 -0.153458  0.967133  0.676457]
 [ 0.        0.        0.        1.      ]]

Image 7:
[[ 0.909835 -0.40996  -0.064283 -0.284578]
 [ 0.396914  0.90494  -0.153438 -0.203822]
 [ 0.121075  0.114088  0.986065  0.558536]
 [ 0.        0.        0.        1.      ]]

Image 8:
[[ 0.112785 -0.972309 -0.20468  -0.092371]
 [ 0.993605  0.11147   0.017982 -0.092264]
 [ 0.005332 -0.205399  0.978664  0.60473 ]
 [ 0.        0.        0.        1.      ]]

Image 9:
[[ 5.387164e-01 -8.034316e-01  2.535395e-01  1.001951e-01]
 [ 7.270936e-01  5.953970e-01  3.418147e-01 -8.391614e-02]
 [-4.255814e-01  2.057432e-04  9.049201e-01  7.089660e-01]
 [ 0.000000e+00  0.000000e+00  0.000000e+00  1.000000e+00]]

Image 10:
[[ 0.216384 -0.871437  0.4402    0.04709 ]
 [ 0.949969  0.291956  0.111001 -0.060255]
 [-0.225249  0.394158  0.891012  0.595653]
 [ 0.        0.        0.        1.      ]]

Image 11:
[[ 0.669618 -0.675867  0.307922 -0.015574]
 [ 0.655767  0.732671  0.182105 -0.188242]
 [-0.348684  0.079984  0.933821  0.571188]
 [ 0.        0.        0.        1.      ]]

Image 12:
[[ 0.892991 -0.383658  0.235317 -0.208681]
 [ 0.431636  0.878148 -0.206267 -0.208418]
 [-0.127507  0.285766  0.949779  0.588579]
 [ 0.        0.        0.        1.      ]]

Image 13:
[[ 0.45416  -0.847856 -0.273642 -0.189751]
 [ 0.78083   0.526698 -0.335995 -0.229926]
 [ 0.429002 -0.061072  0.901237  0.523922]
 [ 0.        0.        0.        1.      ]]

Image 14:
[[ 0.540821 -0.46268   0.702453  0.021882]
 [ 0.44992   0.864734  0.223174 -0.172358]
 [-0.710693  0.19535   0.675835  0.607107]
 [ 0.        0.        0.        1.      ]]

Image 15:
[[ 0.111459 -0.992583  0.048528  0.11393 ]
 [ 0.942668  0.090144 -0.321326 -0.134311]
 [ 0.314568  0.08156   0.945725  0.436283]
 [ 0.        0.        0.        1.      ]]

Image 16:
[[ 0.095403 -0.970832 -0.219963 -0.012148]
 [ 0.827291  0.20022  -0.524883 -0.091704]
 [ 0.553614 -0.131898  0.822262  0.353123]
 [ 0.        0.        0.        1.      ]]

Image 17:
[[ 0.219778 -0.974113  0.052933 -0.037637]
 [ 0.957102  0.204803 -0.204965 -0.298741]
 [ 0.188819  0.095709  0.977337  0.617367]
 [ 0.        0.        0.        1.      ]]

Image 18:
[[ 0.55316  -0.623651  0.552334  0.009583]
 [ 0.644151  0.74063   0.191146 -0.187782]
 [-0.528283  0.250052  0.811413  0.601861]
 [ 0.        0.        0.        1.      ]]

Image 19:
[[ 0.82852  -0.552783  0.089359 -0.250743]
 [ 0.559672  0.812372 -0.163766 -0.224109]
 [ 0.017934  0.185695  0.982444  0.604774]
 [ 0.        0.        0.        1.      ]]

Image 20:
[[ 0.683684 -0.707157  0.180294 -0.157213]
 [ 0.70149   0.704929  0.10482  -0.186885]
 [-0.201218  0.054811  0.978012  0.625818]
 [ 0.        0.        0.        1.      ]]

Image 21:
[[ 0.107632 -0.992685 -0.054699  0.081745]
 [ 0.84044   0.12024  -0.528396 -0.017265]
 [ 0.531107  0.010902  0.847234  0.448395]
 [ 0.        0.        0.        1.      ]]

Image 22:
[[-0.029861 -0.990256 -0.136017 -0.106123]
 [ 0.941673  0.017764 -0.336061 -0.237598]
 [ 0.335203 -0.138119  0.931967  0.589041]
 [ 0.        0.        0.        1.      ]]

Image 23:
[[ 0.530266 -0.811638  0.245075 -0.056938]
 [ 0.804137  0.573067  0.15798  -0.197829]
 [-0.268667  0.113303  0.956546  0.441689]
 [ 0.        0.        0.        1.      ]]

Image 24:
[[ 0.027227 -0.993893  0.106938  0.148253]
 [ 0.888752 -0.0249   -0.457712 -0.143478]
 [ 0.457579  0.107504  0.882646  0.409283]
 [ 0.        0.        0.        1.      ]]

Image 25:
[[-0.077115 -0.983583 -0.163151  0.001385]
 [ 0.781684  0.041932 -0.622263 -0.045029]
 [ 0.618889 -0.175519  0.765617  0.38118 ]
 [ 0.        0.        0.        1.      ]]

Image 26:
[[ 0.194967 -0.93825  -0.285789 -0.07255 ]
 [ 0.863214  0.302487 -0.404182 -0.109439]
 [ 0.465671 -0.167895  0.868885  0.379009]
 [ 0.        0.        0.        1.      ]]

Image 27:
[[ 0.008392 -0.993629 -0.112387 -0.059559]
 [ 0.969539  0.035599 -0.242336 -0.268166]
 [ 0.244793 -0.106929  0.963661  0.62018 ]
 [ 0.        0.        0.        1.      ]]

Image 28:
[[ 0.184029 -0.963322  0.195304  0.121695]
 [ 0.982643  0.175584 -0.059861 -0.121046]
 [ 0.023373  0.202931  0.978914  0.428184]
 [ 0.        0.        0.        1.      ]]

Image 29:
[[ 0.104093 -0.897839  0.427843  0.187026]
 [ 0.979827  0.018787 -0.198964 -0.066226]
 [ 0.1706    0.439923  0.881682  0.48778 ]
 [ 0.        0.        0.        1.      ]]

Image 30:
[[ 0.619932 -0.674594 -0.400757 -0.17802 ]
 [ 0.672927  0.719762 -0.170622 -0.233987]
 [ 0.403551 -0.163907  0.900156  0.52503 ]
 [ 0.        0.        0.        1.      ]]

Image 31:
[[ 0.174628 -0.982467  0.065302 -0.070565]
 [ 0.975079  0.163335 -0.150143 -0.285418]
 [ 0.136844  0.089894  0.986505  0.685545]
 [ 0.        0.        0.        1.      ]]

Image 32:
[[-0.0073   -0.987854 -0.155214 -0.13294 ]
 [ 0.979183  0.024425 -0.201505 -0.265254]
 [ 0.202848 -0.153454  0.967111  0.676451]
 [ 0.        0.        0.        1.      ]]

Image 33:
[[ 0.578261 -0.519565  0.629021  0.023005]
 [ 0.496783  0.835822  0.233686 -0.167646]
 [-0.647164  0.177355  0.741433  0.62086 ]
 [ 0.        0.        0.        1.      ]]

