
position_ball: [0.570072664382586, -0.7058689134641607, -1.244852082202309, -2.870052479448487, -0.20384116912612793, 2.3941500263978712, -0.6196578279419078]

- Translation_ball: [0.301, -0.139, 0.266]
- Rotation_ball: in Quaternion [0.953, 0.128, 0.090, -0.258]
            in RPY (radian) [-2.638, -0.240, 0.206]
            in RPY (degree) [-151.119, -13.752, 11.786]


position_initial: [-0.06345210742427591, -0.40445922335440626, 0.005874457170912318, -1.2728393697738647, 0.03285966468819975, 0.8744066302879874, -0.0010685555618854413]

position_(entry): [0.33126478636661577, -0.8257679608411956, -1.0212689482370507, -2.6604452104735272, -0.21414480587762708, 1.936938619928904, -0.6195934342626068]

- Translation_(entry): [0.283, -0.208, 0.366]
- Rotation_(entry): in Quaternion [0.958, 0.135, 0.058, -0.245]
            in RPY (radian) [-2.661, -0.179, 0.236]
            in RPY (degree) [-152.492, -10.270, 13.539]

A_entry in float64

[0.95663454, 0.23035644, 0.17828703, 0.28769805, -0.84302106, -0.45447258, 0.04560904, 0.486057, -0.87273616, 0.283, -0.208, 0.366]

rostopic pub --once /A_entry std_msgs/Float64MultiArray "layout:
  dim:
  - label: 'rows'
    size: 3
    stride: 4
  - label: 'columns'
    size: 4
    stride: 1
  data_offset: 0
data: [0.95663454, 0.23035644, 0.17828703, 0.28769805, -0.84302106, -0.45447258, 0.04560904, 0.486057, -0.87273616, 0.283, -0.208, 0.366]"


rostopic pub --once /A_ball std_msgs/Float64MultiArray "layout:
  dim:
  - label: 'rows'
    size: 3
    stride: 4
  - label: 'columns'
    size: 4
    stride: 1
  data_offset: 0
data: [0.95085546, 0.19840159, 0.2377198, 0.29124849, -0.83371212, -0.46914648, 0.10511047, 0.51532603, -0.85052388, 0.301, -0.139, 0.266]"

Andrei

rostopic pub --once /A_entry std_msgs/Float64MultiArray "layout:
  dim:
  - label: 'rows'
    size: 3
    stride: 4
  - label: 'columns'
    size: 4
    stride: 1
  data_offset: 0
data: [0.95663454, 0.23035644, 0.17828703, 0.28769805, -0.84302106, -0.45447258, 0.04560904, 0.486057, -0.87273616, 0.40457072, -0.11591664, 0.07088274]"