Image 1:
[[ 9.976170e-01 -2.775403e-02 -6.316642e-02 -3.479687e+00]
 [-3.755901e-03  8.923208e-01 -4.513862e-01 -2.253729e+00]
 [ 6.889250e-02  4.505478e-01  8.900902e-01  7.370771e+00]
 [ 0.000000e+00  0.000000e+00  0.000000e+00  1.000000e+00]]

Image 2:
[[-0.063848  0.990915 -0.118367 -5.957366]
 [-0.965109 -0.031128  0.259993  2.32999 ]
 [ 0.253947  0.130837  0.958328 11.20934 ]
 [ 0.        0.        0.        1.      ]]

Image 3:
[[ 0.995644  0.046703  0.080696  2.07402 ]
 [-0.040446  0.996171 -0.077504  1.239962]
 [-0.084007  0.073903  0.993721 11.788798]
 [ 0.        0.        0.        1.      ]]

Image 4:
[[ 9.536030e-03  9.997537e-01 -2.004174e-02 -3.687119e+00]
 [-7.367356e-01 -6.527285e-03 -6.761494e-01  2.990696e+00]
 [-6.761137e-01  2.121324e-02  7.364919e-01  1.308446e+01]
 [ 0.000000e+00  0.000000e+00  0.000000e+00  1.000000e+00]]

Image 5:
[[  0.981962  -0.134643  -0.132746 -11.176835]
 [  0.14679    0.985389   0.08638   -4.651401]
 [  0.119176  -0.104307   0.987379  13.81526 ]
 [  0.         0.         0.         1.      ]]

Image 6:
[[ 9.987965e-01  8.662479e-04 -4.903788e-02 -8.782282e+00]
 [-1.891149e-03  9.997807e-01 -2.085765e-02 -3.288708e+00]
 [ 4.900905e-02  2.092528e-02  9.985791e-01  1.085889e+01]
 [ 0.000000e+00  0.000000e+00  0.000000e+00  1.000000e+00]]

Image 7:
[[ 0.03928   0.995774  0.083008 -3.922051]
 [-0.759544 -0.024223  0.650004  1.830793]
 [ 0.649268 -0.088581  0.755383  5.984777]
 [ 0.        0.        0.        1.      ]]

Image 8:
[[ 0.09777   0.928963  0.357027  4.224241]
 [-0.992888  0.115534 -0.028713  1.813404]
 [-0.067922 -0.351681  0.933653 12.526295]
 [ 0.        0.        0.        1.      ]]

Image 9:
[[ 9.831293e-01  1.728246e-01  5.990325e-02 -6.459489e+00]
 [-1.723604e-01  9.849499e-01 -1.287011e-02  2.530609e-01]
 [-6.122597e-02  2.328033e-03  9.981212e-01  1.100362e+01]
 [ 0.000000e+00  0.000000e+00  0.000000e+00  1.000000e+00]]

Image 10:
[[-0.127512  0.991301  0.032613 -4.932737]
 [-0.804397 -0.084122 -0.588107  6.441125]
 [-0.580247 -0.101224  0.808126 16.045103]
 [ 0.        0.        0.        1.      ]]

Image 11:
[[ 9.474261e-01 -2.756235e-02  3.187853e-01  1.483659e+00]
 [ 2.310129e-02  9.995752e-01  1.776704e-02 -3.962411e+00]
 [-3.191396e-01 -9.468602e-03  9.476604e-01  1.443846e+01]
 [ 0.000000e+00  0.000000e+00  0.000000e+00  1.000000e+00]]

Image 12:
[[ 9.989660e-01  3.653790e-03 -4.531741e-02 -5.168826e+00]
 [ 6.342179e-03  9.758202e-01  2.184825e-01 -8.354900e-01]
 [ 4.501994e-02 -2.185440e-01  9.747880e-01  1.331471e+01]
 [ 0.000000e+00  0.000000e+00  0.000000e+00  1.000000e+00]]

Image 13:
[[ 9.996933e-01  8.568293e-03 -2.323442e-02 -3.773454e+00]
 [-8.524594e-03  9.999617e-01  1.979165e-03 -1.445030e+00]
 [ 2.325048e-02 -1.780494e-03  9.997281e-01  1.333234e+01]
 [ 0.000000e+00  0.000000e+00  0.000000e+00  1.000000e+00]]

Image 14:
[[ 0.017297  0.99877  -0.046463 -0.334359]
 [-0.73413  -0.018861 -0.678747  3.639275]
 [-0.678789  0.04585   0.7329   12.166229]
 [ 0.        0.        0.        1.      ]]

Image 15:
[[ 0.994227  0.059955 -0.088986 -5.343435]
 [-0.06413   0.996934 -0.044825 -3.597742]
 [ 0.086026  0.050273  0.995024 12.878749]
 [ 0.        0.        0.        1.      ]]

Image 16:
[[ 9.835903e-01  1.575958e-01 -8.782779e-02 -6.631483e+00]
 [-1.578726e-01  9.874521e-01  3.829912e-03  2.084648e-01]
 [ 8.732932e-02  1.009853e-02  9.961283e-01  1.043911e+01]
 [ 0.000000e+00  0.000000e+00  0.000000e+00  1.000000e+00]]

Image 17:
[[ 0.864573 -0.136825  0.483522  4.866525]
 [ 0.023272  0.972087  0.233464 -1.286417]
 [-0.501969 -0.190594  0.843624 16.631251]
 [ 0.        0.        0.        1.      ]]

Image 18:
[[-0.055374  0.984123 -0.168627 -1.992665]
 [-0.707074 -0.157893 -0.689287  2.572128]
 [-0.704968  0.081063  0.704591 12.537848]
 [ 0.        0.        0.        1.      ]]

Image 19:
[[ 0.997944  0.049864  0.040259  4.602894]
 [-0.048083  0.997871 -0.044064  1.927691]
 [-0.042371  0.042037  0.998217 14.370362]
 [ 0.        0.        0.        1.      ]]

Image 20:
[[ 0.949045  0.097037  0.299828 -0.630824]
 [-0.066565  0.991672 -0.110251 -1.946326]
 [-0.30803   0.084675  0.947601 13.962593]
 [ 0.        0.        0.        1.      ]]

Image 21:
[[ 0.941467  0.307842  0.137382 -2.586372]
 [-0.253479  0.915125 -0.313518 -2.541504]
 [-0.222236  0.260344  0.939592 12.996398]
 [ 0.        0.        0.        1.      ]]

Image 22:
[[ 0.9926    0.027193  0.118347  5.41939 ]
 [-0.030484  0.999195  0.026091  1.910283]
 [-0.117542 -0.029505  0.992629 16.042389]
 [ 0.        0.        0.        1.      ]]

Image 23:
[[ 9.962863e-01  1.295588e-03  8.609229e-02  1.514007e+00]
 [-6.606268e-03  9.980896e-01  6.142967e-02  8.438535e-01]
 [-8.584822e-02 -6.177029e-02  9.943915e-01  1.219460e+01]
 [ 0.000000e+00  0.000000e+00  0.000000e+00  1.000000e+00]]

Image 24:
[[ 0.990243 -0.134378 -0.036891 -9.41989 ]
 [ 0.131396  0.98857  -0.073928 -3.264754]
 [ 0.046403  0.068359  0.996581 11.921261]
 [ 0.        0.        0.        1.      ]]

Image 25:
[[ 0.985939  0.151015  0.071544  4.058582]
 [-0.136272  0.974399 -0.178822  1.51222 ]
 [-0.096717  0.166558  0.981277 14.378168]
 [ 0.        0.        0.        1.      ]]

Image 26:
[[-1.754563e-02 -9.979304e-01 -6.186394e-02  2.189087e+00]
 [ 9.663573e-01 -1.046028e-03 -2.572013e-01 -1.704434e+00]
 [ 2.566043e-01 -6.429543e-02  9.643756e-01  1.048745e+01]
 [ 0.000000e+00  0.000000e+00  0.000000e+00  1.000000e+00]]

Image 27:
[[ 0.088325  0.991641  0.09406  -6.230049]
 [-0.88836   0.121135 -0.44288   3.88    ]
 [-0.450572 -0.044442  0.891633 15.290219]
 [ 0.        0.        0.        1.      ]]

Image 28:
[[ 9.996560e-01  2.423152e-02  1.003561e-02 -7.769073e+00]
 [-2.419648e-02  9.997007e-01 -3.598247e-03  3.480215e-01]
 [-1.011980e-02  3.354183e-03  9.999432e-01  1.121850e+01]
 [ 0.000000e+00  0.000000e+00  0.000000e+00  1.000000e+00]]

Image 29:
[[ 0.997674  0.046975  0.049396 -3.701678]
 [-0.019052  0.887918 -0.459607 -4.237039]
 [-0.06545   0.457596  0.886748 11.063932]
 [ 0.        0.        0.        1.      ]]

Image 30:
[[ 0.581636  0.776424 -0.242622 -6.500291]
 [-0.807031  0.513388 -0.291775  2.995576]
 [-0.101982  0.36551   0.925204 12.294697]
 [ 0.        0.        0.        1.      ]]

Image 31:
[[ 0.034835 -0.99782  -0.056051  1.572974]
 [ 0.888908  0.056568 -0.45458  -3.095936]
 [ 0.45676  -0.033989  0.888941  8.717367]
 [ 0.        0.        0.        1.      ]]

