Image 1:
[[ 9.977015e-01 -2.734526e-02 -6.199986e-02 -3.474316e+00]
 [-3.237204e-03  8.946804e-01 -4.466950e-01 -2.203502e+00]
 [ 6.768505e-02  4.458690e-01  8.925355e-01  7.445065e+00]
 [ 0.000000e+00  0.000000e+00  0.000000e+00  1.000000e+00]]

Image 2:
[[-0.06326   0.991543 -0.113318 -5.956382]
 [-0.963772 -0.031215  0.264893  2.40965 ]
 [ 0.259116  0.12597   0.957596 11.313283]
 [ 0.        0.        0.        1.      ]]

Image 3:
[[-2.487898e-01  9.207750e-01  3.004613e-01 -2.223551e+00]
 [-9.659599e-01 -2.585861e-01 -7.393161e-03  3.377811e+00]
 [ 7.088767e-02 -2.920729e-01  9.537653e-01  1.175123e+01]
 [ 0.000000e+00  0.000000e+00  0.000000e+00  1.000000e+00]]

Image 4:
[[ 0.995789  0.04572   0.079465  2.086741]
 [-0.039812  0.996433 -0.074406  1.320166]
 [-0.082583  0.070929  0.994057 11.873405]
 [ 0.        0.        0.        1.      ]]

Image 5:
[[ 1.182750e-02  9.994430e-01 -3.120593e-02 -3.685193e+00]
 [-7.274182e-01 -1.281320e-02 -6.860747e-01  3.021037e+00]
 [-6.860924e-01  3.081431e-02  7.268615e-01  1.316743e+01]
 [ 0.000000e+00  0.000000e+00  0.000000e+00  1.000000e+00]]

Image 6:
[[ 0.020324  0.998942  0.041255 -0.041177]
 [-0.486891 -0.026151  0.873071  2.402293]
 [ 0.873226 -0.037831  0.485845  7.955121]
 [ 0.        0.        0.        1.      ]]

Image 7:
[[  0.98293   -0.133713  -0.126373 -11.174034]
 [  0.145934   0.984918   0.092953  -4.547082]
 [  0.112038  -0.109808   0.987618  13.990154]
 [  0.         0.         0.         1.      ]]

Image 8:
[[ 9.991127e-01  2.113210e-03 -4.206247e-02 -8.778262e+00]
 [-2.694133e-03  9.999017e-01 -1.375905e-02 -3.207917e+00]
 [ 4.202926e-02  1.386017e-02  9.990202e-01  1.099515e+01]
 [ 0.000000e+00  0.000000e+00  0.000000e+00  1.000000e+00]]

Image 9:
[[ 0.040083  0.995491  0.085967 -3.918545]
 [-0.755213 -0.026152  0.654958  1.875219]
 [ 0.654253 -0.091176  0.750759  6.037044]
 [ 0.        0.        0.        1.      ]]

Image 10:
[[ 0.099189  0.928994  0.356556  4.232499]
 [-0.993114  0.11487  -0.023018  1.898043]
 [-0.062341 -0.351818  0.93399  12.60796 ]
 [ 0.        0.        0.        1.      ]]

Image 11:
[[ 9.826859e-01  1.735300e-01  6.492947e-02 -6.450656e+00]
 [-1.732028e-01  9.848283e-01 -1.067884e-02  3.295651e-01]
 [-6.579747e-02 -7.520206e-04  9.978327e-01  1.109725e+01]
 [ 0.000000e+00  0.000000e+00  0.000000e+00  1.000000e+00]]

Image 12:
[[-0.124948  0.991932  0.021412 -5.001849]
 [-0.805121 -0.088757 -0.586432  6.508355]
 [-0.5798   -0.090513  0.809716 16.276987]
 [ 0.        0.        0.        1.      ]]

Image 13:
[[ 0.94818  -0.028105  0.316487  1.4961  ]
 [ 0.02178   0.999486  0.023504 -3.86755 ]
 [-0.316985 -0.015392  0.948306 14.549388]
 [ 0.        0.        0.        1.      ]]

Image 14:
[[ 9.990979e-01  3.791052e-03 -4.229580e-02 -5.161543e+00]
 [ 5.672247e-03  9.751679e-01  2.213941e-01 -7.440685e-01]
 [ 4.208482e-02 -2.214343e-01  9.742668e-01  1.342087e+01]
 [ 0.000000e+00  0.000000e+00  0.000000e+00  1.000000e+00]]

Image 15:
[[ 9.997498e-01  8.851888e-03 -2.054284e-02 -3.765369e+00]
 [-8.753027e-03  9.999497e-01  4.897402e-03 -1.354323e+00]
 [ 2.058516e-02 -4.716364e-03  9.997770e-01  1.343619e+01]
 [ 0.000000e+00  0.000000e+00  0.000000e+00  1.000000e+00]]

Image 16:
[[ 0.012593  0.998932 -0.044447 -0.307899]
 [-0.723178 -0.021599 -0.690324  3.643598]
 [-0.690547  0.040836  0.722134 12.27338 ]
 [ 0.        0.        0.        1.      ]]

Image 17:
[[-0.335986  0.941532 -0.025111  0.449999]
 [-0.922574 -0.334356 -0.19252   3.830946]
 [-0.18966  -0.041517  0.980972 12.580191]
 [ 0.        0.        0.        1.      ]]

Image 18:
[[ 0.994572  0.059807 -0.085139 -5.335684]
 [-0.063428  0.997165 -0.040481 -3.509611]
 [ 0.082477  0.045661  0.995546 12.999138]
 [ 0.        0.        0.        1.      ]]

Image 19:
[[ 0.172825  0.945931 -0.274491 -5.664033]
 [-0.802179  0.296887  0.518042 -0.919463]
 [ 0.571525  0.13066   0.810115  9.696707]
 [ 0.        0.        0.        1.      ]]

Image 20:
[[ 9.839707e-01  1.582030e-01 -8.230063e-02 -6.627594e+00]
 [-1.581823e-01  9.873864e-01  6.813179e-03  2.833451e-01]
 [ 8.234039e-02  6.314533e-03  9.965843e-01  1.054266e+01]
 [ 0.000000e+00  0.000000e+00  0.000000e+00  1.000000e+00]]

Image 21:
[[ 0.863589 -0.138184  0.484892  4.886637]
 [ 0.021172  0.970801  0.23895  -1.172814]
 [-0.503752 -0.196088  0.841298 16.759515]
 [ 0.        0.        0.        1.      ]]

Image 22:
[[-0.053089  0.985943 -0.158422 -2.003056]
 [-0.688949 -0.151004 -0.708906  2.525186]
 [-0.722863  0.071509  0.687281 12.680338]
 [ 0.        0.        0.        1.      ]]

Image 23:
[[ 0.99809   0.048508  0.038245  4.619258]
 [-0.046958  0.998078 -0.04043   2.026151]
 [-0.040132  0.038556  0.99845  14.47558 ]
 [ 0.        0.        0.        1.      ]]

Image 24:
[[ 9.792203e-01  1.371165e-01  1.494210e-01 -1.510622e+00]
 [-9.885672e-03  7.681897e-01 -6.401459e-01 -2.721185e+00]
 [-2.025583e-01  6.253667e-01  7.535825e-01  1.057034e+01]
 [ 0.000000e+00  0.000000e+00  0.000000e+00  1.000000e+00]]

Image 25:
[[ 0.949763  0.097142  0.297514 -0.622125]
 [-0.067967  0.991943 -0.106907 -1.85283 ]
 [-0.305502  0.081315  0.948713 14.050147]
 [ 0.        0.        0.        1.      ]]

Image 26:
[[ 0.941662  0.307624  0.136527 -2.57725 ]
 [-0.254697  0.916523 -0.308408 -2.45429 ]
 [-0.220003  0.255643  0.941406 13.084844]
 [ 0.        0.        0.        1.      ]]

Image 27:
[[ 0.992976  0.025639  0.115506  5.430883]
 [-0.029318  0.999112  0.030261  2.014938]
 [-0.114627 -0.033435  0.992846 16.146383]
 [ 0.        0.        0.        1.      ]]

Image 28:
[[ 0.997314  0.059224  0.043097 -3.858995]
 [-0.041888  0.943852 -0.327702 -3.758241]
 [-0.060085  0.325017  0.943798 14.293348]
 [ 0.        0.        0.        1.      ]]

Image 29:
[[ 9.963544e-01  1.169443e-03  8.530313e-02  1.526483e+00]
 [-6.612772e-03  9.979563e-01  6.355700e-02  9.270755e-01]
 [-8.505446e-02 -6.388938e-02  9.943258e-01  1.228352e+01]
 [ 0.000000e+00  0.000000e+00  0.000000e+00  1.000000e+00]]

Image 30:
[[ 0.990691 -0.132693 -0.030382 -9.417605]
 [ 0.130426  0.989172 -0.067289 -3.176063]
 [ 0.038982  0.0627    0.997271 12.068986]
 [ 0.        0.        0.        1.      ]]

Image 31:
[[ 0.986287  0.149445  0.070023  4.073646]
 [-0.135319  0.975177 -0.175267  1.609664]
 [-0.094478  0.163388  0.982028 14.482491]
 [ 0.        0.        0.        1.      ]]

Image 32:
[[-1.744032e-02 -9.980116e-01 -6.056916e-02  2.196390e+00]
 [ 9.665459e-01 -1.324107e-03 -2.564902e-01 -1.631394e+00]
 [ 2.559000e-01 -6.301614e-02  9.646472e-01  1.054725e+01]
 [ 0.000000e+00  0.000000e+00  0.000000e+00  1.000000e+00]]

Image 33:
[[ 0.086064  0.991442  0.09816  -6.212838]
 [-0.890913  0.120687 -0.437844  3.98031 ]
 [-0.445944 -0.049769  0.893676 15.38351 ]
 [ 0.        0.        0.        1.      ]]

Image 34:
[[ 9.995426e-01  2.562948e-02  1.605075e-02 -7.763418e+00]
 [-2.562243e-02  9.996715e-01 -6.448663e-04  4.305062e-01]
 [-1.606201e-02  2.333121e-04  9.998710e-01  1.132909e+01]
 [ 0.000000e+00  0.000000e+00  0.000000e+00  1.000000e+00]]

Image 35:
[[ 0.997592  0.047427  0.050603 -3.693527]
 [-0.019307  0.890702 -0.454178 -4.161457]
 [-0.066612  0.452108  0.889473 11.165973]
 [ 0.        0.        0.        1.      ]]

Image 36:
[[-3.274950e-04  9.999740e-01 -7.210290e-03 -2.759317e+00]
 [-6.188674e-01 -5.866321e-03 -7.854735e-01  2.053950e+00]
 [-7.854954e-01  4.204975e-03  6.188532e-01  1.354866e+01]
 [ 0.000000e+00  0.000000e+00  0.000000e+00  1.000000e+00]]

Image 37:
[[-0.08891   0.848571  0.521558  5.558985]
 [-0.995919 -0.067583 -0.059817  2.244793]
 [-0.015511 -0.524747  0.851117 15.202554]
 [ 0.        0.        0.        1.      ]]

Image 38:
[[ 0.547748  0.835802 -0.037508 -2.847923]
 [-0.570129  0.405698  0.714396 -1.223332]
 [ 0.612311 -0.369924  0.698736  8.727217]
 [ 0.        0.        0.        1.      ]]

Image 39:
[[ 0.580868  0.778518 -0.237702 -6.493332]
 [-0.807651  0.514821 -0.287505  3.079545]
 [-0.101454  0.358983  0.927814 12.398069]
 [ 0.        0.        0.        1.      ]]

Image 40:
[[ 0.035074 -0.997845 -0.055463  1.57988 ]
 [ 0.890794  0.056374 -0.450896 -3.035301]
 [ 0.453051 -0.033591  0.890851  8.78484 ]
 [ 0.        0.        0.        1.      ]]

